1
1
1
1
5
3
6
1
3
1
1
1
1
18
1
4
2
1
1
1
1
1
1
1
3
6
3
3
4
2
1
1
4
1
1
2
4
1
7
2
1
1
4
1
1
1
1
8
2
1
2
1
1
1
1
2
6
1
2
2
1
4
1
1
1
2
1
1
3
5
1
1
3
1
1
1
1
1
1
1
3
1
1
2
1
3
1
1
1
4
3
2
2
1
2
1
1
1
2
17
1
1
7
2
1
1
1
10
2
1
2
1
5
1
1
1
3
3
1
4
2
1
4
15
1
2
2
1
13
1
49
1
1
1
1
2
1
7
1
2
1
1
2
6
2
1
1
1
1
2
17
1
2
2
8
1
1
8
9
1
1
1
1
1
1
3
2
7
2
1
12
3
4
1
2
1
2
1
4
1
1
1
2
1
13
1
2
1
1
1
1
2
1
1
1
1
1
3
1
2
1
1
2
1
1
1
1
2
3
1
5
3
4
2
6
1
1
2
1
3
3
2
2
6
1
22
3
1
1
1
3
6
1
2
1
1
1
22
7
1
11
1
1
9
2
16
57
1
6
1
1
9
1
25
16
10
1
1
3
1
1
5
1
11
1
3
1
1
1
1
5
1
1
3
1
6
1
1
1
3
17
16
1
1
1
2
1
1
1
1
2
1
1
1
37
2
1
1
1
5
1
1
2
1
3
2
3
1
2
3
1
10
1
4
1
4
1
1
1
1
1
1
2
1
6
10
2
3
1
1
1
25
241
91
1
3
1
36
1
1
1
1
28
2
1
4
1
1
1
1
1
1
8
1
2
1
1
3
3
2
1
1
1
1
2
1
1
1
1
2
1
1
1
5
1
4
1
2
1
1
2
1
1
1
4
20
1
1
1
1
18
8
3
1
2
2
42
1
28
3
5
1
2
4
2
17
1
2
2
2
6
1
1
1
1
1
1
59
1
2
4
2
1
1
1
2
5
1
1
1
1
1
4
7
1
1
227
7
1
1
1
1
6
1
1
11
1
1
2
5
2
2
1
7
1
1
2
2
1
3
1
1
2
2
225
1
2
12
1
2
3
2
1
2
1
2
1
5
1
2
1
5
1
6
1
6
3
2
1
1
6
2
1
2
1
1
1
9
3
1
1
1
1
1
1
1
5
1
2
3
1
1
1
3
1
21
1
2
1
5
3
5
2
18
3
2
1
1
1
3
1
35
3
1
6
1
1
7
1
1
1
1
2
1
1
2
1
1
1
1
1
6
1
1
6
1
4
4
8
1
8
5
1
56
1
1
3
1
1
1
1
1
1
2
3
3
6
1
3
128
2
2
1
1
2
8
1
1
3
1
1
1
4
1
1
13
2
4
3
1
1
9
3
6
2
2
1
3
1
13
4
1
1
1
4
1
1
3
3
46
1
1
1
1
5
1
2
1
1
2
1
1
1
1
1
4
1
1
1
1
2
3
1
1
16
2
1
1
1
1
1
1
16
1
1
4
1
1
1
2
1
2
2
2
8
1
4
1
1
2
1
1
1
3
2
1
