21
1
9
4
1
1
6
1
1
1
6
1
1
1
3
1
1
2
5
4
2
3
2
7
3
2
1
8
1
5
2
3
1
1
3
6
1
1
3
2
4
1
1
2
2
1
3
1
1
2
1
2
2
3
3
1
1
1
1
1
2
1
2
2
1
3
2
1
1
1
1
4
1
4
1
1
2
2
28
8
1
1
6
1
1
38
1
4
2
2
2
2
1
1
1
1
1
1
2
4
1
1
1
1
1
1
1
1
1
2
1
1
2
3
1
7
1
1
2
3
6
1
1
1
21
29
1
3
1
7
1
1
1
1
4
1
1
2
2
2
2
1
2
1
11
1
4
1
1
8
1
1
1
1
2
1
2
1
1
1
1
4
3
2
1
3
4
1
1
1
1
2
1
5
1
1
6
20
23
1
4
2
54
1
2
1
16
1
4
7
1
1
2
5
1
5
1
7
1
2
2
6
1
5
1
1
1
2
1
1
2
2
14
1
2
1
9
23
2
1
3
2
26
2
1
3
1
1
6
1
2
3
1
1
51
1
2
6
151
1
1
1
2
28
1
1
1
2
1
2
2
1
1
5
1
6
1
1
1
17
2
2
1
1
1
1
1
3
2
1
2
1
1
1
1
2
2
4
1
18
3
1
2
1
1
16
1
1
4
151
2
156
2
1
2
4
1
1
1
1
2
1
1
1
6
1
1
1
3
3
1
1
3
1
1
1
2
1
4
1
1
1
1
1
8
4
9
1
3
2
1
1
4
1
9
1
1
2
1
18
1
1
6
1
2
1
1
3
1
1
1
2
1
1
1
1
4
1
1
1
1
1
1
1
10
2
2
2
1
1
1
1
1
6
1
1
1
33
1
1
28
1
41
2
19
1
1
1
1
2
2
1
1
1
4
2
2
1
1
1
1
1
1
3
2
9
1
1
2
2
1
1
1
1
1
1
1
1
1
2
11
2
1
3
1
51
63
1
4
1
1
20
1
2
26
1
2
2
2
4
1
1
1
7
2
1
14
1
2
3
1
1
1
2
2
1
2
4
1
1
2
18
1
2
1
1
1
1
2
21
1
13
4
2
16
1
1
7
1
2
3
2
1
1
1
4
15
1
1
8
4
1
1425
1
1
1
1
11
1
3
1
6
1
1
1
32
6
1
33
2
1
1
2
1
1
2
1
1
201
1
1
1
1
2
3
8
2
4
2
11
3
1
1
1
3
3
2
1
1
2
2
2
1
1
1
3
1
1
2
2
2
1
9
1
2
1
4
1
47
4
1
2
1
1
3
1
3
1
4
2
1
1
1
2
1
1
1
1
1
2
1
6
1
1
1
7
1
2
1
3
15
6
1
1
1
2
5
1
1
23
6
1
1
13
1
20
3
1
17
19
2
2
2
1
2
3
1
2
1
1
8
1
2
9
1
2
2
1
1
3
1
1
1
2
9
1
1
1
7
3
1
1
1
5
2
1
1
1
2
1
1
1
1
1
2
3
3
4
3
1
4
3
1
5
2
1
1
1
1
1
1
2
2
2
4
1
1
2
1
