1
1
1
1
1
2
1
22
1
1
1
1
5
1
1
1
1
1
1
1
2
1
1
1
1
3
2
1
2
1
1
2
1
4
1
6
1
4
1
12
1
1
1
10
4
2
1
1
4
9
2
1
1
4
1
1
4
2
2
1
1
2
5
4
1
1
7
2
1
1
1
1
1
1
2
4
5
2
1
1
1
1
10
1
1
4
10
1
37
1
1
2
18
1
3
2
2
1
1
1
1
5
1
11
1
7
1
1
1
1
1
3
1
1
2
5
1
2
6
7
2
3
1
2
1
1
1
1
1
1
1
5
5
2
1
1
1
8
1
2
1
1
4
1
1
1
1
1
1
1
3
2
1
1
30
7
1
2
2
1
30
1
1
1
1
1
1
1
4
10
1
1
1
14
1
1
1
3
1
1
5
3
2
2
14
2
1
1
1
1
1
2
1
1
1
2
1
1
9
4
2
1
1
1
1
1
1
6
1
1
2
1
6
1
2
1
5
2
1
1
1
1
3
2
1
1
66
1
7
1
1
1
1
2
1
1
3
3
1
1
1
1
1
1
1
5
1
3
4
2
8
3
1
1
1
1
2
3
42
1
3
3
1
1
1
4
1
1
1
2
4
1
5
1
12
2
1
4
1
1
69
2
1
12
1
1
1
2
3
3
1
1
3
2
2
1
1
1
2
1
1
1
1
1
2
1
1
1
1
1
4
2
1
1
2
1
2
5
2
9
1
15
1
1
39
6
1
1
95
2
1
2
2
8
1
1
36
1
1
3
1
2
1
1
1
1
1
1
1
1
3
1
3
6
27
1
1
1
11
65
2
1
1
2
1
1
240
1
2
1
1
1
1
4
1
1
1
1
1
3
1
1
30
2
2
2
2
1
1
2
1
1
2
1
2
8
1
5
1
146
17
1
1
2
1
1
3
1
1
2
1
3
1
3
1
1
1
6
3
1
6
1
1
32
3
2
5
12
11
1
2
7
1
3
1
1
2
7
1
3
1
1
1
5
1
2
3
1
2
1
1
1
1
1
1
12
1
70
3
1
1
1
2
98
3
1
2
1
2
1
1
1
1
1
1
1
2
7
2
10
7
1
1
9
1
6
1
1
13
1
1
1
1
1
12
3
1
2
2
2
1
1
2
1
2
1
7
1
6
1
1
1
1
1
1
4
18
1
1
1
1
6
1
9
1
2
2
3
1
1
592
9
1
1
1
1
1
14
1
8
1
2
1
1
1
1
1
1
1
1
9
1
2
1
5
2
1
2
2
1
4
1
1
1
100
1
1
1
1
1
2
1
1
10
1
2
4
1
10
6
5
1
80
1
5
1
1
2
3
4
2
5
1
4
1
1
1
1
7
1
2
2
1
1
3
1
1
1
6
1
1
4
4
1
1
5
1
1
6
4
1
2
1
1
1
2
1
1
1
1
1
1
3
11
2
1
1
1
2
10
1
5
1
44
9
4
4
1
1
1
2
2
4
1
2
2
1
1
1
1
3
1
2
1
6
1
1
14
1
1
1
1
4
1
1
2
1
12
5
